idx	label	predict	radius	correct	time
0	3	3	0.677	1	0:00:27.695350
10	0	0	0.677	1	0:00:22.493088
20	7	7	0.677	1	0:00:22.297697
30	6	6	0.677	1	0:00:22.569914
40	4	4	0.677	1	0:00:22.364823
50	9	9	0.677	1	0:00:22.576526
60	7	7	0.677	1	0:00:22.647646
70	2	2	0.677	1	0:00:22.379371
80	8	8	0.677	1	0:00:22.284607
90	0	0	0.677	1	0:00:22.223135
100	4	4	0.677	1	0:00:22.603783
110	4	4	0.677	1	0:00:22.761888
120	8	8	0.677	1	0:00:21.353385
130	4	4	0.677	1	0:00:22.222610
140	6	6	0.677	1	0:00:22.370480
150	8	8	0.677	1	0:00:21.445735
160	2	0	0.677	0	0:00:21.772811
170	9	9	0.677	1	0:00:22.264962
180	0	0	0.677	1	0:00:21.757526
190	5	5	0.677	1	0:00:22.607978
200	5	3	0.677	0	0:00:22.845262
210	7	7	0.677	1	0:00:22.987628
220	7	7	0.677	1	0:00:22.471095
230	5	5	0.677	1	0:00:22.080474
240	1	1	0.677	1	0:00:22.219119
250	5	5	0.677	1	0:00:22.573119
260	8	8	0.677	1	0:00:22.633188
270	2	2	0.677	1	0:00:22.262046
280	9	9	0.677	1	0:00:22.469378
290	1	1	0.677	1	0:00:22.347851
300	6	6	0.677	1	0:00:22.958925
310	8	8	0.677	1	0:00:22.130320
320	3	3	0.677	1	0:00:22.307766
330	1	1	0.677	1	0:00:22.180463
340	2	2	0.677	1	0:00:22.827854
350	9	9	0.677	1	0:00:22.471788
360	9	9	0.677	1	0:00:22.537595
370	4	4	0.677	1	0:00:22.792343
380	6	6	0.677	1	0:00:22.958127
390	1	1	0.677	1	0:00:22.760221
400	9	9	0.677	1	0:00:22.414637
410	7	7	0.677	1	0:00:22.262178
420	4	4	0.677	1	0:00:22.481946
430	2	2	0.677	1	0:00:22.595590
440	1	1	0.677	1	0:00:22.808375
450	2	2	0.677	1	0:00:22.492659
460	5	5	0.677	1	0:00:22.572292
470	3	3	0.677	1	0:00:22.226440
480	8	8	0.677	1	0:00:22.462599
490	1	1	0.677	1	0:00:22.709950
500	4	4	0.677	1	0:00:23.163534
